(getgenv()).Key = "Admin-888-999"

local keys = {
     "SPEED-YUYOIP-UJUM9",
     "SPEED-HUYHGU-7676",
     "SPEED-JUOP-UNM0",
     "SPEED-HJOP-MKOP0",
     "SPEED-MOKP-89MK",
     "SPEED-LOVE-KUY",
     "SPEED-YUYOIP-UJUM9",
     "SPEED-HUYHGU-7676",
     "SPEED-UJUKM-898M",
     "SPEED-87879-NESKJ",
     "SEED-NHUIL-7890M",
     "SPEED-NJKOL-78U8U",
     "SPEED-787-MJMKO",
     "SPEED-JKOPY-9MLO",
     "SPEED-MKLL-POI0",
     "SPEED-HIOPT-MKO9",
     "Admin-888-999",
     "OOOOOOOOOOOO",
}

local counter = 1
local keyCheck
for i,v in pairs(keys) do
    if counter == #keys then
        keys = ""
        game.Players.LocalPlayer:Kick("please enter your key")
    else
        if v == getgenv().Key then 
            -- check succes
            print("Succesfully, enjoy :]")
            -- your script
            
shared.LoaderTitle = 'Speed Hub' -- ใส่ชื่อ
shared.LoaderKeyFrames = {
   [1] = {1, 30}, -- [Time (s), Percentage] 
   [2] = {3, 100} -- [เวลา, เปอร์เซ็น]
}
local Metadata = {
	LoaderData = {
		Name = (shared.LoaderTitle or 'Loader'),
		Colors = shared.LoaderColors or {
			Main = Color3.fromRGB(24, 24, 24),
			Topic = Color3.fromRGB(255, 255, 255),
			Title = Color3.fromRGB(0, 255, 255),
			LoaderBackground = Color3.fromRGB(30, 30, 30),
			LoaderSplash = Color3.fromRGB(0, 255, 255)
		}
	},
	Keyframes = shared.LoaderKeyFrames or {
		[1] = {1, 10}, -- [Time (s), Percentage]
		[2] = {2, 30},
		[3] = {3, 60},
		[4] = {2, 100}
	}
}


local function tweenObject(object, speed, info)
	game.TweenService:Create(object, TweenInfo.new(speed, Enum.EasingStyle.Linear, Enum.EasingDirection.InOut), info):Play()
end
local function createObject(className, properties)
	local instance = Instance.new(className)
	local parent
	for propertyName, propertyValue in pairs(properties) do
		if propertyName ~= "Parent" then
			instance[propertyName] = propertyValue
		else
			parent = propertyValue
		end
	end
	instance.Parent = parent
	return instance
end


local Core = createObject("ScreenGui", {
	Name = "Core",
	Parent = game.CoreGui
})
local Main = createObject("Frame", {
	Name = "Main",
	Parent = Core,
	BackgroundColor3 = Metadata.LoaderData.Colors.Main,
	BorderSizePixel = 0,
	ClipsDescendants = true,
	Position = UDim2.new(0.5, 0, 0.5, 0),
	AnchorPoint = Vector2.new(0.5, 0.5),
	Size = UDim2.new(0, 0, 0, 0),
})
local Top = createObject("TextLabel", {
	Name = "Top",
	TextTransparency = 1,
	Parent = Main,
	BackgroundColor3 = Color3.fromRGB(255, 255, 255),
	BackgroundTransparency = 1,
	Position = UDim2.new(0, 30, 0, 8),
	Size = UDim2.new(0, 301, 0, 50),
	Font = Enum.Font.Gotham,
	Text = "Loader",
	TextColor3 = Metadata.LoaderData.Colors.Topic,
	TextSize = 10,
	TextXAlignment = Enum.TextXAlignment.Left,
})
local Title = createObject("TextLabel", {
	Name = "Title",
	Parent = Main,
	TextTransparency = 1,
	BackgroundColor3 = Color3.fromRGB(255, 255, 255),
	BackgroundTransparency = 1,
	Position = UDim2.new(0, 30, 0, 27),
	Size = UDim2.new(0, 301, 0, 46),
	Font = Enum.Font.Gotham,
	RichText = true,
	Text = "<b>" .. Metadata.LoaderData.Name .. "</b>",
	TextColor3 = Metadata.LoaderData.Colors.Title,
	TextSize = 14,
	TextXAlignment = Enum.TextXAlignment.Left,
})
local BG = createObject("Frame", {
	Name = "BG",
	Parent = Main,
	AnchorPoint = Vector2.new(0.5, 0),
	BackgroundTransparency = 1,
	BackgroundColor3 = Metadata.LoaderData.Colors.LoaderBackground,
	BorderSizePixel = 0,
	Position = UDim2.new(0.5, 0, 0, 70),
	Size = UDim2.new(0.8500000238418579, 0, 0, 24),
})
local Progress = createObject("Frame", {
	Name = "Progress",
	Parent = BG,
	BackgroundColor3 = Metadata.LoaderData.Colors.LoaderSplash,
	BackgroundTransparency = 1,
	BorderSizePixel = 0,
	Size = UDim2.new(0, 0, 0, 24),
})

local function updatePercentage(percentage)
	tweenObject(Progress, 0.5, {
		Size = UDim2.new((percentage / 100), 0, 0, 24)
	})
end


-- Loader itself
tweenObject(Main, 0.25, {
	Size = UDim2.new(0, 346, 0, 121)
})
wait(0.25)
tweenObject(Top, 0.5, {
	TextTransparency = 0
})
tweenObject(Title, 0.5, {
	TextTransparency = 0
})
tweenObject(BG, 0.5, {
	BackgroundTransparency = 0
})
tweenObject(Progress, 0.5, {
	BackgroundTransparency = 0
})

for i, v in pairs(Metadata.Keyframes) do
	wait(v[1]);
	updatePercentage(v[2])
end
updatePercentage(100)

tweenObject(Top, 0.5, {
	TextTransparency = 1
})
tweenObject(Title, 0.5, {
	TextTransparency = 1
})
tweenObject(BG, 0.5, {
	BackgroundTransparency = 1
})
tweenObject(Progress, 0.5, {
	BackgroundTransparency = 1
})
wait(0.5)
tweenObject(Main, 0.25, {
	Size = UDim2.new(0, 0, 0, 0)
})
wait(0.25);
Core:Destroy()

   if game:GetService("Players").LocalPlayer.PlayerGui.Main:FindFirstChild("ChooseTeam") then
        repeat wait()
            if game:GetService("Players").LocalPlayer.PlayerGui:WaitForChild("Main").ChooseTeam.Visible == true then
                if _G.Team == "Pirate" then
                    for i, v in pairs(getconnections(game:GetService("Players").LocalPlayer.PlayerGui.Main.ChooseTeam.Container.Pirates.Frame.ViewportFrame.TextButton.Activated)) do                                                                                                
                        v.Function()
                    end
                elseif _G.Team == "Marine" then
                    for i, v in pairs(getconnections(game:GetService("Players").LocalPlayer.PlayerGui.Main.ChooseTeam.Container.Marines.Frame.ViewportFrame.TextButton.Activated)) do                                                                                                
                        v.Function()
                    end
                else
                    for i, v in pairs(getconnections(game:GetService("Players").LocalPlayer.PlayerGui.Main.ChooseTeam.Container.Pirates.Frame.ViewportFrame.TextButton.Activated)) do                                                                                                
                        v.Function()
                    end
                end
            end
        until game.Players.LocalPlayer.Team ~= nil and game:IsLoaded()
    end
    
    if game:IsLoaded() then
    pcall(function()
        repeat wait()
        	game:GetService("ReplicatedStorage").Effect.Container.Respawn:Destroy()
            game:GetService("ReplicatedStorage").Effect.Container.Death:Destroy()
            game:GetService("ReplicatedStorage").Util.Sound.Storage.Swing:Destroy()
        until not game:GetService("ReplicatedStorage").Effect.Container:FindFirstChild("Death") or not game:GetService("ReplicatedStorage").Effect.Container:FindFirstChild("Respawn")
    end)
end
    
    _G.Settings = {
        AutoFarm = false;
        AutoFarmFast = true;
        BringMonster = true;
        FastAttack = true;
        Select_Fast_Attack = {};
        Auto_Buso = true;
        DeleteDamageFx = true;
        AutoSetSpawnPoint = true;
        AutoSaber = false;
        AutoSaberHop = false;
        AutoPole = false;
        AutoPoleHop = false;
        Auto_New_World = false;
        AutoDeathStep = false;
        AutoSharkman = false;
        Auto_New_World = false;
        AutoFullyGodhuman = false;
        Auto_New_World = false;
        AutoFullyGodhuman = false;
        AutoFullySuperhuman = false;
        AutoElectricClaw = false;
        AutoDragonTalon = false;
        Point = 1;
        ShowFov = false;
        Aimbot_Skill = false;
        Select_Size_Fov = false;
        Aimbot_Gun = false;
        Select_Chips = {};
        Kill_Aura = false;
        Next_Island = false;
        Auto_Awakener = false;
        AutoSelectDungeon = {};
        StartDungeon = false;
    }
    
    local foldername = "Speed HUB V2"
    local filename = "BloxFruit "..game.Players.LocalPlayer.Name.." Config.json"
     
    function saveSettings()
        local HttpService = game:GetService("HttpService")
        local json = HttpService:JSONEncode(_G.Settings)
        if (writefile) then
            if isfolder(foldername) then
                if isfile(foldername.."\\"..filename) then
                    writefile(foldername.."\\"..filename, json)
                else
                    writefile(foldername.."\\"..filename, json)
                end
            else
                makefolder(foldername)
                writefile(foldername.."\\"..filename, json)
            end
        end
    end
    
    function loadSettings()
        local HttpService = game:GetService("HttpService")
        if isfile(foldername.."\\"..filename) then
            _G.Settings = HttpService:JSONDecode(readfile(foldername.."\\"..filename))
        end
    end
     
    loadSettings()
    
    if _G.Settings.Select_Weapon == nil then
        for i,v in pairs(game:GetService("Players").LocalPlayer.Backpack:GetChildren()) do
            if v.ToolTip == "Melee" then
                if game.Players.LocalPlayer.Backpack:FindFirstChild(tostring(v.Name)) then
                    _G.Settings.Select_Weapon = tostring(v.Name)
                end
            end
        end
    end

-------------->> // FN Webhook \\ <<-------------

local WebHookLog = {}

local AllRequest = http_request or request or HttpPost or syn.request
function WebHookLog:WebHookKaiTanSend(WebHookUrl)

	function GetFightingStyle(Style)
		ReturnText = ""
		for i ,v in pairs(game.Players.LocalPlayer.Backpack:GetChildren()) do
			if v:IsA("Tool") then
				if v.ToolTip == Style then
					ReturnText = v.Name
				end
			end
		end
		for i ,v in pairs(game.Players.LocalPlayer.Character:GetChildren()) do
			if v:IsA("Tool") then
				if v.ToolTip == Style then
					ReturnText = v.Name
				end
			end
		end
		if ReturnText ~= "" then
			return ReturnText
		else
			return "Not Have"
		end
	end

	function GetAwaken()
		ReturnText = ""
		Awakened_Z = ":x:"
		Awakened_X = ":x:"
		Awakened_C = ":x:"
		Awakened_V = ":x:"
		Awakened_F = ":x:"
		for i ,v in pairs(game.Players.LocalPlayer.Backpack:GetChildren()) do
			if v:IsA("Tool") then
				if v.ToolTip == "Blox Fruit" then
					if v:FindFirstChild("AwakenedMoves") then
						if v.AwakenedMoves:FindFirstChild("Z") then
							Awakened_Z = ":white_check_mark:"
						end
						if v.AwakenedMoves:FindFirstChild("X") then
							Awakened_X = ":white_check_mark:"
						end
						if v.AwakenedMoves:FindFirstChild("C") then
							Awakened_C = ":white_check_mark:"
						end
						if v.AwakenedMoves:FindFirstChild("V") then
							Awakened_V = ":white_check_mark:"
						end
						if v.AwakenedMoves:FindFirstChild("F") then
							Awakened_F = ":white_check_mark:"
						end
						ReturnText = ":regional_indicator_z:"..Awakened_Z..
							"\n"..":regional_indicator_x:"..Awakened_X..
							"\n"..":regional_indicator_c:"..Awakened_C..
							"\n"..":regional_indicator_v:"..Awakened_V..
							"\n"..":regional_indicator_f:"..Awakened_F
					else
						ReturnText = "This Fruit Can't Awakened"
					end
				end
			end
		end
		for i ,v in pairs(game.Players.LocalPlayer.Character:GetChildren()) do
			if v:IsA("Tool") then
				if v.ToolTip == "Blox Fruit" then
					if v:FindFirstChild("AwakenedMoves") then
						if v.AwakenedMoves:FindFirstChild("Z") then
							Awakened_Z = ":white_check_mark:"
						end
						if v.AwakenedMoves:FindFirstChild("X") then
							Awakened_X = ":white_check_mark:"
						end
						if v.AwakenedMoves:FindFirstChild("C") then
							Awakened_C = ":white_check_mark:"
						end
						if v.AwakenedMoves:FindFirstChild("V") then
							Awakened_V = ":white_check_mark:"
						end
						if v.AwakenedMoves:FindFirstChild("F") then
							Awakened_F = ":white_check_mark:"
						end
						ReturnText = ":regional_indicator_z:"..Awakened_Z..
							"\n"..":regional_indicator_x:"..Awakened_X..
							"\n"..":regional_indicator_c:"..Awakened_C..
							"\n"..":regional_indicator_v:"..Awakened_V..
							"\n"..":regional_indicator_f:"..Awakened_F
					else
						ReturnText = "This Fruit Can't Awakened"
					end
				end
			end
		end
		if ReturnText ~= "" then
			return ReturnText
		else
			return "Not Have"
		end
	end

	function GetWeapon(Rare)
		if Rare == "Common" then
			RareNumber = 0
		elseif Rare == "Uncommon" then
			RareNumber = 1
		elseif Rare == "Rare" then
			RareNumber = 2
		elseif Rare == "Legendary" then
			RareNumber = 3
		elseif Rare == "Mythical" then
			RareNumber = 4
		else
			return "Worng InPut"
		end
		local ReturnText = ""
		for i,v in pairs(game:GetService("ReplicatedStorage").Remotes["CommF_"]:InvokeServer("getInventoryWeapons")) do
			if type(v) == "table" then
				if v.Rarity then
					if tonumber(v.Rarity) == RareNumber then
						ReturnText = ReturnText .. v.Name .. "\n"
					end
				end
			end
		end
		if ReturnText ~= "" then
			return ReturnText
		else
			return "Not Have"
		end
	end

	function GetFruitInU()
		local ReturnText = ""
		for i,v in pairs(game:GetService("ReplicatedStorage").Remotes["CommF_"]:InvokeServer("getInventoryFruits")) do
			if type(v) == "table" then
				if v ~= nil then
					ReturnText = ReturnText .. v.Name .. " : " .. v.Price .. "\n"
				end
			end
		end

		if ReturnText ~= "" then
			return ReturnText
		else
			return "Not Have"
		end
	end

	function GetAllMelee()
		BuyDragonTalon = tonumber(game:GetService("ReplicatedStorage").Remotes.CommF_:InvokeServer("BuyDragonTalon",true))
		if BuyDragonTalon then
			if BuyDragonTalon == 1 then
				TalComplete = true
			end
		end
		BuySuperhuman = tonumber(game:GetService("ReplicatedStorage").Remotes.CommF_:InvokeServer("BuySuperhuman",true))
		if BuySuperhuman then
			if BuySuperhuman == 1 then
				SupComplete = true
			end
		end
		BuySharkmanKarate = tonumber(game:GetService("ReplicatedStorage").Remotes.CommF_:InvokeServer("BuySharkmanKarate",true))
		if BuySharkmanKarate then
			if BuySharkmanKarate == 1 then
				SharkComplete = true
			end
		end
		BuyDeathStep = tonumber(game:GetService("ReplicatedStorage").Remotes.CommF_:InvokeServer("BuyDeathStep",true))
		if BuyDeathStep then
			if BuyDeathStep == 1 then
				DeathComplete = true
			end
		end
		BuyElectricClaw = tonumber(game:GetService("ReplicatedStorage").Remotes.CommF_:InvokeServer("BuyElectricClaw",true))
		if BuyElectricClaw then
			if BuyElectricClaw == 1 then
				EClawComplete = true
			end
		end
		BuyGod = tonumber(game:GetService("ReplicatedStorage").Remotes.CommF_:InvokeServer("BuyGodhuman",true))
		if BuyGod then
			if BuyGod == 1 then
				GodComplete = true
			end
		end
		ReturnText = {}
		if SupComplete == true then
			table.insert(ReturnText,"SuperHuman")
		end
		if EClawComplete == true then
			table.insert(ReturnText,"Electric Claw")
		end
		if TalComplete == true then
			table.insert(ReturnText,"Dragon Talon")
		end
		if SharkComplete == true then
			table.insert(ReturnText,"Sharkman Karate")
		end
		if DeathComplete == true then
			table.insert(ReturnText,"Death Step")
		end
		if GodComplete == true then
			table.insert(ReturnText,"God Human")
		end

		if #ReturnText ~= 0 then
			return table.concat(ReturnText,",")
		else
			return "Not Have"
		end
	end

	local Embeds = {{
		["title"] = "Speed Hub Webhooks Status**",
		["color"] = 1127128,
		["fields"] = {
			{
				["name"] = "User Name",
				["value"] = "||"..tostring(game.Players.LocalPlayer.Name).."||",
				["inline"] = true
			},
			{
				["name"] = "Level",
				["value"] = tostring(game:GetService("Players").LocalPlayer.Data:FindFirstChild("Level").Value),
				["inline"] = true
			},
			{
				["name"] = "Fragments",
				["value"] = tostring(game:GetService("Players").LocalPlayer.Data:FindFirstChild("Fragments").Value),
				["inline"] = true
			},
			{
				["name"] = "Bounty/Honor",
				["value"] = tostring(game:GetService("Players").LocalPlayer.leaderstats["Bounty/Honor"].Value),
				["inline"] = true
			},
			{
				["name"] = "Beli",
				["value"] = tostring(game:GetService("Players").LocalPlayer.Data:FindFirstChild("Beli").Value),
				["inline"] = true
			},
			{
				["name"] = "Fighting Style",
				["value"] = GetFightingStyle("Melee"),
				["inline"] = true
			},
			{
				["name"] = "Sword",
				["value"] = GetFightingStyle("Sword"),
				["inline"] = true
			},
			{
				["name"] = "Devil Fruit",
				["value"] = GetFightingStyle("Blox Fruit"),
				["inline"] = true
			},
			{
				["name"] = "Gun",
				["value"] = GetFightingStyle("Gun"),
				["inline"] = true
			},
			{
				["name"] = "Accessory",
				["value"] = GetFightingStyle("Wear"),
				["inline"] = true
			},
			{
				["name"] = "Race",
				["value"] = tostring(game:GetService("Players").LocalPlayer.Data:FindFirstChild("Race").Value),
				["inline"] = true
			},
			{
				["name"] = "Awakened",
				["value"] = tostring(GetAwaken()),
				["inline"] = true
			},
			{
				["name"] = "Status",
				["value"] = "```sml\n"..tostring("Melee : "..game:GetService("Players").LocalPlayer.Data.Stats.Melee:WaitForChild("Level").Value .. 
					"\nDefense : "..game:GetService("Players").LocalPlayer.Data.Stats.Defense:WaitForChild("Level").Value .. 
					"\nSword : "..game:GetService("Players").LocalPlayer.Data.Stats.Sword:WaitForChild("Level").Value.. 
					"\nGun : "..game:GetService("Players").LocalPlayer.Data.Stats.Gun:WaitForChild("Level").Value .. 
					"\nDevil Fruit : "..game:GetService("Players").LocalPlayer.Data.Stats["Demon Fruit"]:WaitForChild("Level").Value).."```",
				["inline"] = true
			},
			{
				["name"] = "Common :blue_circle:",
				["value"] = "```sml\n"..tostring(GetWeapon("Common")).."```",
				["inline"] = true
			},
			{
				["name"] = "Uncommon :green_circle:",
				["value"] = "```sml\n"..tostring(GetWeapon("Uncommon")).."```",
				["inline"] = true
			},
			{
				["name"] = "Rare :yellow_circle:",
				["value"] = "```sml\n"..tostring(GetWeapon("Rare")).."```",
				["inline"] = true
			},
			{
				["name"] = "Legendary :purple_circle:",
				["value"] = "```sml\n"..tostring(GetWeapon("Legendary")).."```",
				["inline"] = true
			},
			{
				["name"] = "Mythical :red_circle:",
				["value"] = "```sml\n"..tostring(GetWeapon("Mythical")).."```",
				["inline"] = true
			},
			{
				["name"] = "Fruit In Inventory",
				["value"] = "```sml\n"..tostring(GetFruitInU()).."```",
				["inline"] = true
			},
			{
				["name"] = "All Melee",
				["value"] = "```sml\n"..tostring(GetAllMelee()).."```",
				["inline"] = true
			},



			{
				["name"] = "ㅤ",
				["value"] = tostring("ㅤㅤㅤㅤㅤㅤㅤㅤㅤㅤㅤㅤㅤㅤㅤㅤㅤㅤㅤㅤㅤㅤㅤㅤㅤㅤㅤㅤㅤㅤㅤㅤㅤㅤㅤ"),
				["inline"] = false
			}},
		["footer"] = {
			["text"] = "Made by ! Speed".."\nTime".." : "..os.date("%c").." ("..os.date("%X")..")",
			["icon_url"] = "https://media.discordapp.net/attachments/991643580361867335/1036591759238627409/20221031_170501.jpg"
		},
	}}

	local Message
	if _G.SendWebHookPing then
		Message = {
			['username'] = "Under Webhook",
			["avatar_url"] = "https://media.discordapp.net/attachments/991643580361867335/1036591759238627409/20221031_170501.jpg",
			["content"] = "@everyone",
			["embeds"] = Embeds,
		}
	else
		Message = {
			['username'] = "Under Webhook",
			["avatar_url"] = "https://media.discordapp.net/attachments/991643580361867335/1036591759238627409/20221031_170501.jpg",
			["embeds"] = Embeds,
		}
	end

	local DataCallBack = AllRequest({
		Url = WebHookUrl,
		Method = 'POST',
		Headers = {
			["Content-Type"] = "application/json"
		},
		Body = game:GetService("HttpService"):JSONEncode(Message)
	})
	return DataCallBack
end

function WebHookLog:SheetBestLogSend(SheetBestUrl)

	function GetFightingStyle(Style)
		ReturnText = ""
		for i ,v in pairs(game.Players.LocalPlayer.Backpack:GetChildren()) do
			if v:IsA("Tool") then
				if v.ToolTip == Style then
					ReturnText = v.Name
				end
			end
		end
		for i ,v in pairs(game.Players.LocalPlayer.Character:GetChildren()) do
			if v:IsA("Tool") then
				if v.ToolTip == Style then
					ReturnText = v.Name
				end
			end
		end
		if ReturnText ~= "" then
			return ReturnText
		else
			return "Not Have"
		end
	end

	function GetAllMelee()
		BuyDragonTalon = tonumber(game:GetService("ReplicatedStorage").Remotes.CommF_:InvokeServer("BuyDragonTalon",true))
		if BuyDragonTalon then
			if BuyDragonTalon == 1 then
				TalComplete = true
			end
		end
		BuySuperhuman = tonumber(game:GetService("ReplicatedStorage").Remotes.CommF_:InvokeServer("BuySuperhuman",true))
		if BuySuperhuman then
			if BuySuperhuman == 1 then
				SupComplete = true
			end
		end
		BuySharkmanKarate = tonumber(game:GetService("ReplicatedStorage").Remotes.CommF_:InvokeServer("BuySharkmanKarate",true))
		if BuySharkmanKarate then
			if BuySharkmanKarate == 1 then
				SharkComplete = true
			end
		end
		BuyDeathStep = tonumber(game:GetService("ReplicatedStorage").Remotes.CommF_:InvokeServer("BuyDeathStep",true))
		if BuyDeathStep then
			if BuyDeathStep == 1 then
				DeathComplete = true
			end
		end
		BuyElectricClaw = tonumber(game:GetService("ReplicatedStorage").Remotes.CommF_:InvokeServer("BuyElectricClaw",true))
		if BuyElectricClaw then
			if BuyElectricClaw == 1 then
				EClawComplete = true
			end
		end
		BuyGod = tonumber(game:GetService("ReplicatedStorage").Remotes.CommF_:InvokeServer("BuyGodhuman",true))
		if BuyGod then
			if BuyGod == 1 then
				GodComplete = true
			end
		end
		ReturnText = {}
		if SupComplete == true then
			table.insert(ReturnText,"SuperHuman")
		end
		if EClawComplete == true then
			table.insert(ReturnText,"Electric Claw")
		end
		if TalComplete == true then
			table.insert(ReturnText,"Dragon Talon")
		end
		if SharkComplete == true then
			table.insert(ReturnText,"Sharkman Karate")
		end
		if DeathComplete == true then
			table.insert(ReturnText,"Death Step")
		end
		if GodComplete == true then
			table.insert(ReturnText,"God Human")
		end

		if #ReturnText ~= 0 then
			return table.concat(ReturnText,",")
		else
			return "Not Have"
		end
	end

	function GetAwaken()
		ReturnText = ""
		Awakened_Z = "❌"
		Awakened_X = "❌"
		Awakened_C = "❌"
		Awakened_V = "❌"
		Awakened_F = "❌"
		for i ,v in pairs(game.Players.LocalPlayer.Backpack:GetChildren()) do
			if v:IsA("Tool") then
				if v.ToolTip == "Blox Fruit" then
					if v:FindFirstChild("AwakenedMoves") then
						if v.AwakenedMoves:FindFirstChild("Z") then
							Awakened_Z = "Z"
						end
						if v.AwakenedMoves:FindFirstChild("X") then
							Awakened_X = "X"
						end
						if v.AwakenedMoves:FindFirstChild("C") then
							Awakened_C = "C"
						end
						if v.AwakenedMoves:FindFirstChild("V") then
							Awakened_V = "V"
						end
						if v.AwakenedMoves:FindFirstChild("F") then
							Awakened_F = "F"
						end
						ReturnText = Awakened_Z..
							" : "..Awakened_X..
							" : "..Awakened_C..
							" : "..Awakened_V..
							" : "..Awakened_F
					else
						ReturnText = "This Fruit Can't Awakened"
					end
				end
			end
		end
		for i ,v in pairs(game.Players.LocalPlayer.Character:GetChildren()) do
			if v:IsA("Tool") then
				if v.ToolTip == "Blox Fruit" then
					if v:FindFirstChild("AwakenedMoves") then
						if v.AwakenedMoves:FindFirstChild("Z") then
							Awakened_Z = ":white_check_mark:"
						end
						if v.AwakenedMoves:FindFirstChild("X") then
							Awakened_X = ":white_check_mark:"
						end
						if v.AwakenedMoves:FindFirstChild("C") then
							Awakened_C = ":white_check_mark:"
						end
						if v.AwakenedMoves:FindFirstChild("V") then
							Awakened_V = ":white_check_mark:"
						end
						if v.AwakenedMoves:FindFirstChild("F") then
							Awakened_F = ":white_check_mark:"
						end
						ReturnText = ":regional_indicator_z:"..Awakened_Z..
							" : "..":regional_indicator_x:"..Awakened_X..
							" : "..":regional_indicator_c:"..Awakened_C..
							" : "..":regional_indicator_v:"..Awakened_V..
							" : "..":regional_indicator_f:"..Awakened_F
					else
						ReturnText = "This Fruit Can't Awakened"
					end
				end
			end
		end
		if ReturnText ~= "" then
			return ReturnText
		else
			return "Not Have"
		end
	end

	function GetWeapon()
		local ReturnText = ""
		for i,v in pairs(game:GetService("ReplicatedStorage").Remotes["CommF_"]:InvokeServer("getInventoryWeapons")) do
			if type(v) == "table" then
				if v.Name then
					ReturnText = ReturnText .. v.Name .. " "
				end
			end
		end
		if ReturnText ~= "" then
			return ReturnText
		else
			return "Not Have"
		end
	end

	function GetFruitInU()
		local ReturnText = ""
		for i,v in pairs(game:GetService("ReplicatedStorage").Remotes["CommF_"]:InvokeServer("getInventoryFruits")) do
			if type(v) == "table" then
				if v ~= nil then
					ReturnText = ReturnText .. v.Name .. " "
				end
			end
		end

		if ReturnText ~= "" then
			return ReturnText
		else
			return "Not Have"
		end
	end

	function GetWeaponMastery(Style)
		ReturnText = ""
		for i ,v in pairs(game.Players.LocalPlayer.Backpack:GetChildren()) do
			if v:IsA("Tool") then
				if v.ToolTip == Style then
					ReturnText = v:FindFirstChild("Level").Value
				end
			end
		end
		for i ,v in pairs(game.Players.LocalPlayer.Character:GetChildren()) do
			if v:IsA("Tool") then
				if v.ToolTip == Style then
					ReturnText = v:FindFirstChild("Level").Value
				end
			end
		end
		if ReturnText ~= "" then
			return ReturnText
		else
			return "Not Have"
		end
	end

	function Abbreviate(x)
		local abbreviations = {
			"K", -- 4 digits
			"M", -- 7 digits
			"B", -- 10 digits
			"T", -- 13 digits
			"QD", -- 16 digits
			"QT", -- 19 digits
			"SXT", -- 22 digits
			"SEPT", -- 25 digits
			"OCT", -- 28 digits
			"NON", -- 31 digits
			"DEC", -- 34 digits
			"UDEC", -- 37 digits
			"DDEC", -- 40 digits
		}
		if x < 1000 then 
			return tostring(x)
		end

		local digits = math.floor(math.log10(x)) + 1
		local index = math.min(#abbreviations, math.floor((digits - 1) / 3))
		local front = x / math.pow(10, index * 3)

		return string.format("%i%s+", front, abbreviations[index])
	end

	local Message
	Message = {
		["UserName"] = tostring(game.Players.LocalPlayer.Name),
		["Level"] = tostring(game:GetService("Players").LocalPlayer.Data:FindFirstChild("Level").Value),
		["Weapon inventory"] = tostring(GetWeapon()),
		["Fruit inventory"] = tostring(GetFruitInU()),
		["Melee"] = tostring(GetAllMelee()),
		["Fruit"] = tostring(GetFightingStyle("Blox Fruit")),
		["Fruit Mastery"] = tostring(GetWeaponMastery("Blox Fruit")),
		["Fruit Awake"] = tostring(GetAwaken()),
		["Beli"] = tostring(Abbreviate(game:GetService("Players").LocalPlayer.Data:FindFirstChild("Beli").Value)),
		["Fragment"] = tostring(Abbreviate(game:GetService("Players").LocalPlayer.Data:FindFirstChild("Fragments").Value)),
		["Race"] = tostring(game:GetService("Players").LocalPlayer.Data:FindFirstChild("Race").Value)
	}

	local DataCallBack = AllRequest({
		Url = SheetBestUrl,
		Method = 'POST',
		Headers = {
			["Content-Type"] = "application/json"
		},
		Body = game:GetService("HttpService"):JSONEncode(Message)
	})
	return DataCallBack
end

-------------->> // FN Main \\ <<-------------

W1 = false
W2 = false
W3 = false
if game.PlaceId == 2753915549 then
W1 = true
elseif game.PlaceId == 4442272183 then
W2 = true
elseif game.PlaceId == 7449423635 then
W3 = true
end

function CheckQuest() 
	local MyLevel = game:GetService("Players").LocalPlayer.Data.Level.Value
	if game.PlaceId == 2753915549 then
		if MyLevel == 1 or MyLevel <= 9 then -- Bandit
		Mon = "Bandit [Lv. 5]"
		NameQuest = "BanditQuest1"
		LevelQuest = 1
		NameMon = "Bandit"
		CFrameQuest = CFrame.new(1061.66699, 16.5166187, 1544.52905, -0.942978859, -3.33851502e-09, 0.332852632, 7.04340497e-09, 1, 2.99841325e-08, -0.332852632, 3.06188177e-08, -0.942978859)
		CFrameMon = CFrame.new(1057.55151, 27.1278248, 1564.76013, -0.16377756, -1.13282092e-10, -0.986497283, 3.48445752e-08, 1, -5.89970339e-09, 0.986497283, -3.53403173e-08, -0.16377756)
	elseif MyLevel == 10 or MyLevel <= 14 then -- Bandit
	   Mon = "Monkey [Lv. 14]"
	   NameQuest = "JungleQuest"
		LevelQuest = 1
		NameMon = "Monkey"
		CFrameQuest = CFrame.new(-1604.12012, 36.8521118, 154.23732, 0.0648873374, -4.70858913e-06, -0.997892559, 1.41431883e-07, 1, -4.70933674e-06, 0.997892559, 1.64442184e-07, 0.0648873374)
		CFrameMon = CFrame.new(-1449.94617, 67.9777908, 12.3050404, -0.643440843, 2.02988506e-08, 0.765495837, 2.12389017e-09, 1, -2.4732012e-08, -0.765495837, -1.42877576e-08, -0.643440843)
	elseif MyLevel == 15 or MyLevel <= 29 then -- Gorilla
		Mon = "Gorilla [Lv. 20]"
		NameQuest = "JungleQuest"
		LevelQuest = 2
		NameMon = "Gorilla"
		CFrameQuest = CFrame.new(-1604.12012, 36.8521118, 154.23732, 0.0648873374, -4.70858913e-06, -0.997892559, 1.41431883e-07, 1, -4.70933674e-06, 0.997892559, 1.64442184e-07, 0.0648873374)
		CFrameMon = CFrame.new(-1142.0293, 40.5877495, -516.118103, 0.55559355, 7.58965513e-08, 0.831454039, 1.24594361e-08, 1, -9.96073553e-08, -0.831454039, 6.57006538e-08, 0.55559355)
	elseif MyLevel == 30 or MyLevel <= 39 then -- Pirat
		Mon = "Pirate [Lv. 35]"
		NameQuest = "BuggyQuest1"
		LevelQuest = 1
		NameMon = "Pirate"
		CFrameQuest = CFrame.new(-1139.59717, 4.75205183, 3825.16211, -0.959730506, -7.5857054e-09, 0.280922383, -4.06310328e-08, 1, -1.11807175e-07, -0.280922383, -1.18718916e-07, -0.959730506)
		CFrameMon = CFrame.new(-1151.29663, 44.207077, 3873.34937, -0.879714787, 3.81559784e-10, 0.475501686, -2.18363772e-09, 1, -4.84233453e-09, -0.475501686, -5.29819655e-09, -0.879714787)
	elseif MyLevel == 40 or MyLevel <= 59 then -- Brute
		Mon = "Brute [Lv. 45]"
		NameQuest = "BuggyQuest1"
		LevelQuest = 2
		NameMon = "Brute"
		CFrameQuest = CFrame.new(-1139.59717, 4.75205183, 3825.16211, -0.959730506, -7.5857054e-09, 0.280922383, -4.06310328e-08, 1, -1.11807175e-07, -0.280922383, -1.18718916e-07, -0.959730506)
		CFrameMon = CFrame.new(-1131.66699, 14.3651161, 4191.79199, -0.968309462, -1.36864942e-09, 0.24975352, -9.80991288e-09, 1, -3.25536256e-08, -0.24975352, -3.3972043e-08, -0.968309462)
	elseif MyLevel == 60 or MyLevel <= 74 then -- Desert Bandit
		Mon = "Desert Bandit [Lv. 60]"
		NameQuest = "DesertQuest"
		LevelQuest = 1
		NameMon = "Desert Bandit"
		CFrameQuest = CFrame.new(897.031128, 6.43846416, 4388.97168, -0.804044724, 3.68233266e-08, 0.594568789, 6.97835176e-08, 1, 3.24365246e-08, -0.594568789, 6.75715199e-08, -0.804044724)
		CFrameMon = CFrame.new(1054.79053, 52.5889473, 4490.35693, 0.280815929, -6.18912255e-09, 0.95976162, 4.50181625e-09, 1, 5.13142062e-09, -0.95976162, 2.87968605e-09, 0.280815929)
	elseif MyLevel == 75 or MyLevel <= 89 then -- Desert Officre
		Mon = "Desert Officer [Lv. 70]"
		NameQuest = "DesertQuest"
		LevelQuest = 2
		NameMon = "Desert Officer"
		CFrameQuest = CFrame.new(897.031128, 6.43846416, 4388.97168, -0.804044724, 3.68233266e-08, 0.594568789, 6.97835176e-08, 1, 3.24365246e-08, -0.594568789, 6.75715199e-08, -0.804044724)
		CFrameMon = CFrame.new(1658.0708, 10.0252256, 4452.83154, 0.826960921, -2.71145932e-08, 0.562259436, -9.74775904e-09, 1, 6.25611705e-08, -0.562259436, -5.72164147e-08, 0.826960921)
	elseif MyLevel == 90 or MyLevel <= 99 then -- Snow Bandits
		Mon = "Snow Bandit [Lv. 90]"
		NameQuest = "SnowQuest"
		LevelQuest = 1
		NameMon = "Snow Bandits"
		CFrameQuest = CFrame.new(1384.14001, 87.272789, -1297.06482, 0.348555952, -2.53947841e-09, -0.937287986, 1.49860568e-08, 1, 2.86358204e-09, 0.937287986, -1.50443711e-08, 0.348555952)
		CFrameMon = CFrame.new(1381.81982, 88.3774796, -1395.56738, -0.0662302524, 5.15531262e-08, 0.997804344, 3.78975749e-08, 1, -4.91510797e-08, -0.997804344, 3.45590756e-08, -0.0662302524)
	elseif MyLevel == 100 or MyLevel <= 119 then -- Snowman
		Mon = "Snowman [Lv. 100]"
		NameQuest = "SnowQuest"
		LevelQuest = 2
		NameMon = "Snowman"
		CFrameQuest = CFrame.new(1384.14001, 87.272789, -1297.06482, 0.348555952, -2.53947841e-09, -0.937287986, 1.49860568e-08, 1, 2.86358204e-09, 0.937287986, -1.50443711e-08, 0.348555952)
		CFrameMon = CFrame.new(1171.65784, 106.437271, -1514.53918, -0.726554573, 7.11920691e-08, -0.687108815, 6.82555807e-08, 1, 3.14370361e-08, 0.687108815, -2.40582896e-08, -0.726554573)
	elseif MyLevel == 120 or MyLevel <= 149 then -- Chief Petty Officer
		Mon = "Chief Petty Officer [Lv. 120]"
		NameQuest = "MarineQuest2"
		LevelQuest = 1
		NameMon = "Chief Petty Officer"
		CFrameQuest = CFrame.new(-5035.0835, 28.6520386, 4325.29443, 0.0243340395, -7.08064647e-08, 0.999703884, -6.36926814e-08, 1, 7.23777944e-08, -0.999703884, -6.54350671e-08, 0.0243340395)
		CFrameMon = CFrame.new(-4908.62207, 51.0889473, 4296.17578, 0.851993144, 6.76871537e-08, -0.523552954, -6.00756422e-08, 1, 3.15213882e-08, 0.523552954, 4.59677496e-09, 0.851993144)
	elseif MyLevel == 150 or MyLevel <= 174 then -- Sky Bandit
		Mon = "Sky Bandit [Lv. 150]"
		NameQuest = "SkyQuest"
		LevelQuest = 1
		NameMon = "Sky Bandit"
		CFrameQuest = CFrame.new(-4841.83447, 717.669617, -2623.96436, -0.875942111, 5.59710216e-08, -0.482416272, 3.04023082e-08, 1, 6.08195947e-08, 0.482416272, 3.86078725e-08, -0.875942111)
		CFrameMon = CFrame.new(-4971.60254, 364.723907, -2860.88965, -0.967084885, 8.0616207e-09, 0.254453957, 1.28277495e-08, 1, 1.7071466e-08, -0.254453957, 1.97736281e-08, -0.967084885)
	elseif MyLevel == 175 or MyLevel <= 189 then -- Dark Master
		Mon = "Dark Master [Lv. 175]"
		NameQuest = "SkyQuest"
		LevelQuest = 2
		NameMon = "Dark Master"
		CFrameQuest = CFrame.new(-4841.83447, 717.669617, -2623.96436, -0.875942111, 5.59710216e-08, -0.482416272, 3.04023082e-08, 1, 6.08195947e-08, 0.482416272, 3.86078725e-08, -0.875942111)
		CFrameMon = CFrame.new(-5234.49463, 472.219452, -2260.2998, 0.0978341922, 4.7624173e-08, -0.99520272, 1.3983859e-07, 1, 6.16006801e-08, 0.99520272, -1.45194406e-07, 0.0978341922)
	elseif MyLevel == 190 or MyLevel <= 209 then
		Mon = "Prisoner [Lv. 190]"
		NameQuest = "PrisonerQuest"
		LevelQuest = 1
		NameMon = "Prisoner"
		CFrameQuest = CFrame.new(5308.5595703125, 1.655185341835022, 475.2810363769531 )
		CFrameMon = CFrame.new(5282.37548828125, 15.651934623718262, 356.1692810058594)
	elseif MyLevel == 210 or MyLevel <= 249 then
		Mon = "Dangerous Prisoner [Lv. 210]"
		NameQuest = "PrisonerQuest"
		LevelQuest = 2
		NameMon = "Dangerous Prisoner"
		CFrameQuest = CFrame.new(5308.5595703125, 1.655185341835022, 475.2810363769531 )
		CFrameMon = CFrame.new(5549.43359375, 15.635162353515625, 868.7542724609375)
	elseif MyLevel == 250 or MyLevel <= 274 then -- Toga Warrior
		Mon = "Toga Warrior [Lv. 250]"
		NameQuest = "ColosseumQuest"
		LevelQuest = 1
		NameMon = "Toga Warrior"
		CFrameQuest = CFrame.new(-1576.11743, 7.38933945, -2983.30762, 0.576966345, 1.22114863e-09, 0.816767931, -3.58496594e-10, 1, -1.24185606e-09, -0.816767931, 4.2370063e-10, 0.576966345)
		CFrameMon = CFrame.new(-1716.77588, 105.825844, -2809.25977, -0.188207448, 2.83339467e-08, 0.982129276, 1.10813891e-08, 1, -2.67259583e-08, -0.982129276, 5.85333249e-09, -0.188207448)
	elseif MyLevel == 275 or MyLevel <= 299 then -- Gladiato
		Mon = "Gladiator [Lv. 275]"
		NameQuest = "ColosseumQuest"
		LevelQuest = 2
		NameMon = "Gladiato"
		CFrameQuest = CFrame.new(-1576.11743, 7.38933945, -2983.30762, 0.576966345, 1.22114863e-09, 0.816767931, -3.58496594e-10, 1, -1.24185606e-09, -0.816767931, 4.2370063e-10, 0.576966345)
		CFrameMon = CFrame.new(-1440.1282958984375, 7.567874431610107, -3171.48388671875)
	elseif MyLevel == 300 or MyLevel <= 324 then -- Military Soldier
		Mon = "Military Soldier [Lv. 300]"
		NameQuest = "MagmaQuest"
		LevelQuest = 1
		NameMon = "Military Soldier"
		CFrameQuest = CFrame.new(-5316.55859, 12.2370615, 8517.2998, 0.588437557, -1.37880001e-08, -0.808542669, -2.10116209e-08, 1, -3.23446478e-08, 0.808542669, 3.60215964e-08, 0.588437557)
		CFrameMon = CFrame.new(-5334.42627, 50.9436913, 8647.35156, -0.54487282, 0, 0.838518679, 0, 1, 0, -0.838518679, 0, -0.54487282)
	elseif MyLevel == 325 or MyLevel <= 374 then -- Military Spy
		Mon = "Military Spy [Lv. 325]"
		NameQuest = "MagmaQuest"
		LevelQuest = 2
		NameMon = "Military Spy"
		CFrameQuest = CFrame.new(-5316.55859, 12.2370615, 8517.2998, 0.588437557, -1.37880001e-08, -0.808542669, -2.10116209e-08, 1, -3.23446478e-08, 0.808542669, 3.60215964e-08, 0.588437557)
		CFrameMon = CFrame.new(-5772.66113, 81.4496155, 8722.71973, 0.0485868454, 5.5336308e-08, 0.998818934, 6.85331543e-08, 1, -5.8735484e-08, -0.998818934, 7.13059833e-08, 0.0485868454)
	elseif MyLevel == 375 or MyLevel <= 399 then -- Fishman Warrior
		FM = true
		Mon = "Fishman Warrior [Lv. 375]"
		NameQuest = "FishmanQuest"
		LevelQuest = 1
		NameMon = "Fishman Warrior"
		CFrameQuest = CFrame.new(61122.5625, 18.4716396, 1568.16504, 0.893533468, 3.95251609e-09, 0.448996574, -2.34327455e-08, 1, 3.78297464e-08, -0.448996574, -4.43233645e-08, 0.893533468)
		CFrameMon = CFrame.new(60955.0625, 48.7988472, 1543.7168, -0.831178129, 6.20639318e-09, -0.556006253, 7.20035302e-08, 1, -9.64761853e-08, 0.556006253, -1.20223305e-07, -0.831178129)
		if _G.Setting.Config["Autofarm"] and (CFrameMon.Position - game.Players.LocalPlayer.Character.HumanoidRootPart.Position).Magnitude > 3000 then
			game:GetService("ReplicatedStorage").Remotes.CommF_:InvokeServer("requestEntrance",Vector3.new(61163.8515625, 11.6796875, 1819.7841796875))
		end
	elseif MyLevel == 400 or MyLevel <= 449 then -- Fishman Commando
		FM = true
		Mon = "Fishman Commando [Lv. 400]"
		NameQuest = "FishmanQuest"
		LevelQuest = 2
		NameMon = "Fishman Commando"
		CFrameQuest = CFrame.new(61122.5625, 18.4716396, 1568.16504, 0.893533468, 3.95251609e-09, 0.448996574, -2.34327455e-08, 1, 3.78297464e-08, -0.448996574, -4.43233645e-08, 0.893533468)
		CFrameMon = CFrame.new(61872.3008, 75.5976562, 1394.83484, -0.922134459, 4.36911973e-09, -0.38686946, -2.54707899e-08, 1, 7.20052e-08, 0.38686946, 7.62523484e-08, -0.922134459)
		if _G.Setting.Config["Autofarm"] and (CFrameMon.Position - game.Players.LocalPlayer.Character.HumanoidRootPart.Position).Magnitude > 3000 then
			game:GetService("ReplicatedStorage").Remotes.CommF_:InvokeServer("requestEntrance",Vector3.new(61163.8515625, 11.6796875, 1819.7841796875))
		end
	elseif MyLevel == 450 or MyLevel <= 474 then -- God's Guards
		FM = false
		Mon = "God's Guard [Lv. 450]"
		NameQuest = "SkyExp1Quest"
		LevelQuest = 1
		NameMon = "God's Guards"
		CFrameQuest = CFrame.new(-4721.71436, 845.277161, -1954.20105, -0.999277651, -5.56969759e-09, 0.0380011722, -4.14751478e-09, 1, 3.75035256e-08, -0.0380011722, 3.73188307e-08, -0.999277651)
		CFrameMon = CFrame.new(-4719.61719, 853.174927, -1935.9231, 0.871468067, -2.79222032e-08, 0.49045223, 3.73774967e-08, 1, -9.48327372e-09, -0.49045223, 2.6596247e-08, 0.871468067)
		if _G.Setting.Config["Autofarm"] and (CFrameMon.Position - game.Players.LocalPlayer.Character.HumanoidRootPart.Position).Magnitude > 3000 then
			game:GetService("ReplicatedStorage").Remotes.CommF_:InvokeServer("requestEntrance",Vector3.new(-4607.82275, 872.54248, -1667.55688))
		end
	elseif MyLevel == 475 or MyLevel <= 524 then -- Shandas
		sky = false
		Mon = "Shanda [Lv. 475]"
		NameQuest = "SkyExp1Quest"
		LevelQuest = 2
		NameMon = "Shandas"
